1250430020833640405 446
2254239507517002236 276
2228837645322681220 256
12664715338521683012 224
8457237997922496538,3590125064334610687 211
4061357872113450280 211
11888569066379603503,5440450712221885825 191
11944729109494726624,8033894354263611755 154
11097878024256170139 135
4910849057817973933 131
12619209345184003027 125
12731906589694221305 96
8095218463542481067 85
4643344870051815303 81
853064656161512620 81
16496318242013452561,12331869776672049655,5236304695133591580 63
15554747939087267209 62
3745727334869718431 57
10471445648121255184 55
15151328051935459123 53
3095269849835314095 53
2471984348452499818 51
17559374760333968488 51
935006617287790715 48
5302092154685965393 45
726174711625580935 40
4348910575877017766 40
13724877679765824056 30
16494053027693693141,2019155999972302238 28
15394221802384617228 28
6107325531042162678 27
9340353919503578071 27
6473644606884467791 26
1965523728393558029 26
17853791691398286654 26
7426372046771115962 24
684436662966421061 22
15690173176823572703,5159519491829986435 16
17241763016461383750 15
14659039718259909589 15
18217003468169681800 13
18298112768791508981 11
14394472478509816248 10
13621041706202411296 10
15579853227920259642 9
14940779386657346302 8
2741664858361885827 8
7474610793083089141 7
5019892223730894925 7
9054275167516914311 6
1724011383825350158 5
4502892611533604349 3
10306546315448360067 3
14583174141795727444,12361487702441192477 3
4675131869514095820 2
15526564212076251883 2
13046200421462083749,13021360675733443150 1
16666980385807798711 1
NA 0
NA 0
NA 0
NA 0
NA 0
